
255	2090
256	2050
257	2450
258	2690
259	2670
260	2670
261	2950
262	3260
263	3290
264	3920
265	4720
266	5550
267	7930
268	10940
269	15650
270	24810
271	50990
272	552570
273	3.7547E6
274	4.81346E6
275	860830
276	62990
277	34310
278	22040
279	15420
280	10810
281	9280
282	7560
283	6650
284	5810
285	5300
286	4580
287	4570
288	3930
289	3880
290	3820
291	3560
292	3650
293	3340
294	3940
295	3280
296	3380
297	3790
298	3890
299	4320
300	4610
301	5180
302	5590
303	6280
304	7040
305	7330
306	8600
307	9210
308	9960
309	10440
310	12420
311	13040
312	13740
313	14870
314	16180
315	17470
316	18540
317	19410
318	20850
319	22650
320	24670
321	25080
322	26980
323	28780
324	29850
325	31770
326	33400
327	33460
328	35100
329	35550
330	37120
331	37870
332	39440
333	39890
334	40950
335	42210
336	44090
337	44080
338	45510
339	46620
340	47830
341	48140
342	50460
343	52490
344	51630
345	53450
346	54220
347	54230
348	55700
349	58310
350	58310
351	58720
352	64190
353	63450
354	63810
355	66560
356	66060
357	68280
358	69170
359	72160
360	72660
361	74760
362	76740
363	76290
364	78710
365	78990
366	78730
367	80940
368	80010
369	81310
370	82230
371	83870
372	82540
373	84460
374	82550
375	82890
376	83240
377	81980
378	81560
379	82260
380	82230
381	82450
382	82720
383	84500
384	81280
385	80990
386	79190
387	80970
388	77710
389	76610
390	75230
391	72960
392	72340
393	72100
394	69790
395	68520
396	66530
397	66490
398	64920
399	62900
400	62780
401	61790
402	62350
403	60480
404	60350
405	60110
406	59240
407	57770
408	56700
409	56430
410	55050
411	53330
412	52960
413	51040
414	49190
415	49290
416	49450
417	47210
418	44800
419	44630
420	42720
421	43100
422	42240
423	39640
424	40060
425	39230
426	39000
427	37500
428	37890
429	36150
430	36370
431	36320
432	35200
433	34700
434	35180
435	33950
436	33970
437	31680
438	31920
439	32910
440	30930
441	30140
442	28510
443	27780
444	27400
445	25170
446	26630
447	26500
448	25530
449	24800
450	23540
451	24200
452	23010
453	22860
454	22190
455	21530
456	22000
457	20960
458	20340
459	20420
460	20700
461	19570
462	19760
463	18710
464	19710
465	20250
466	19310
467	18730
468	18470
469	16820
470	16860
471	17680
472	16280
473	15270
474	15810
475	15450
476	14590
477	14540
478	14210
479	14030
480	14200
481	14050
482	12990
483	13120
484	12820
485	12510
486	11940
487	11110
488	12240
489	11780
490	12330
491	11860
492	12000
493	11450
494	11300
495	11090
496	9850
497	10230
498	10400
499	10690
500	10670
	
	
	
	
	
	
	
	
	
	
	
	
	
	
	
	
	
	
	
	
	
	
	
	
	
	
	
	
	
	
	
	
	
	
	
	
	
	
	
	
	
	
	
	
	
	
	
	
	
	
	
	
	
	
	
	
	
	
	
	
	
	
	
	
	
	
	
	
	
	
	
	
	
	
	
	
	
	
	
	
	
	
	
	
	
	
	
	
	
	
	
	
	
	
	
	
	
	
	
	
	
	
	
	
	
	
	
	
	
	
	
	
	
	
	
	
	
	
	
	
	
	
	
	
	
	
	
	
	
	
	
	
	
	
	
	
	
	
	
	
	
	
	
	
	
	
	
	
	
	
	
	
	
	
	
