
255	680
256	920
257	740
258	910
259	750
260	940
261	850
262	660
263	780
264	800
265	920
266	900
267	870
268	830
269	520
270	930
271	840
272	870
273	890
274	840
275	720
276	800
277	790
278	750
279	980
280	890
281	810
282	710
283	760
284	520
285	980
286	800
287	770
288	820
289	880
290	790
291	780
292	820
293	710
294	620
295	880
296	790
297	910
298	900
299	750
300	810
301	940
302	960
303	870
304	850
305	840
306	790
307	990
308	850
309	930
310	1130
311	1130
312	1040
313	1190
314	1200
315	1010
316	1210
317	1410
318	1280
319	1460
320	1530
321	1400
322	1770
323	1860
324	1950
325	2050
326	1780
327	2130
328	2330
329	2410
330	2500
331	2310
332	2380
333	3030
334	2790
335	2390
336	3200
337	2960
338	3000
339	3280
340	3350
341	3130
342	3180
343	3450
344	3930
345	3770
346	4020
347	4090
348	3600
349	4140
350	3910
351	4070
352	4140
353	4600
354	4820
355	4990
356	4380
357	4750
358	5330
359	5020
360	5400
361	5130
362	5550
363	5930
364	5780
365	5990
366	6200
367	5860
368	5920
369	6160
370	6060
371	6240
372	6260
373	6630
374	6660
375	7190
376	6620
377	6500
378	6640
379	6510
380	6580
381	7380
382	6870
383	6780
384	7370
385	7360
386	6690
387	7110
388	7120
389	7140
390	6770
391	7130
392	7160
393	7020
394	6830
395	6630
396	6560
397	7130
398	6680
399	6540
400	6060
401	6120
402	6620
403	6340
404	6040
405	5790
406	5850
407	6290
408	6350
409	5480
410	5480
411	5620
412	5790
413	5770
414	5500
415	5190
416	5570
417	5730
418	5240
419	5070
420	5310
421	4670
422	4920
423	4920
424	5220
425	4670
426	4530
427	4990
428	4460
429	4200
430	4550
431	3990
432	4580
433	4210
434	4860
435	4640
436	4150
437	4460
438	3770
439	4280
440	3920
441	3810
442	4070
443	3860
444	3850
445	3570
446	4050
447	3890
448	4420
449	4050
450	4210
451	3840
452	3700
453	3430
454	3540
455	3690
456	3550
457	3330
458	3610
459	3570
460	3810
461	3890
462	3620
463	3410
464	3720
465	3510
466	3990
467	3440
468	3710
469	3380
470	3430
471	3460
472	3260
473	3290
474	3210
475	3110
476	2930
477	2870
478	3090
479	3250
480	3090
481	2980
482	3240
483	3380
484	3310
485	3450
486	4320
487	7560
488	38500
489	134740
490	240250
491	202660
492	75890
493	17040
494	5780
495	4630
496	3820
497	3500
498	3180
499	3020
500	2950
	
	
	
	
	
	
	
	
	
	
	
	
	
	
	
	
	
	
	
	
	
	
	
	
	
	
	
	
	
	
	
	
	
	
	
	
	
	
	
	
	
	
	
	
	
	
	
	
	
	
	
	
	
	
	
	
	
	
	
	
	
	
	
	
	
	
	
	
	
	
	
	
	
	
	
	
	
	
	
	
	
	
	
	
	
	
	
	
	
	
	
	
	
	
	
	
	
	
	
	
	
	
	
	
	
	
	
	
	
	
	
	
	
	
	
	
	
	
	
	
	
	
	
	
	
	
	
	
	
	
	
	
	
	
	
	
	
	
	
	
	
	
	
	
	
	
	
	
	
	
	
	
	
	
	
